517
1072
1376
187
1206
1541
623
372
1078
1108
1134
409
1235
350
92
1324
1450
176
1282
148
783
461
1147
428
1242
991
1338
681
1501
798
459
418
898
1413
916
364
1088
1201
809
953
466
465
464
857
1510
366
235
1353
1211
380
353
344
1496
1452
1054
1041
1103
1229
773
1076
1006
1332
1063
1183
1505
1380
1073
1299
1391
668
519
297
189
1168
458
1064
1217
1023
1539
659
678
1190
1137
662
280
1070
522
971
824
220
913
701
493
1322
617
951
1176
1308
1347
914
876
1516
1139
1284
329
1077
1004
1366
479
975
815
224
1030
989
253
277
871
926
1143
591
608
1046
1079
1138
1092
599
1254
1484
961
1113
747
1102
1547
1287
582
905
1336
1084
814
984
997
881
397
391
393
392
396
395
988
1451
320
1083
269
635
1246
887
1453
360
1342
933
437
1038
705
1115
818
795
652
1429
289
463
296
1268
789
1093
276
629
1100
1306
532
1298
510
1189
1163
1045
696
281
394
430
1164
1339
1285
237
274
413
601
1508
1506
1258
164
165
1154
912
861
982
835
1238
570
540
1132
325
868
1435
1156
648
639
956
199
1015
1377
634
1000
1266
4511
769
185
1053
569
373
1388
1081
852
1025
158
556
1087
575
580
1067
860
207
315
1245
01
1020
945
561
777
1050
679
808
1302
1355
785
1141
1177
1358
1145
1294
1232
1432
1433
374
1389
314
1056
410
375
1349
1469
1535
787
1544
239
1247
658
923
1047
1060
1514
506
888
974
660
513
1313
400
472
882
567
841
873
1426
910
853
613
819
1515
1019
248
1257
1214
150
1069
1513
774
1094
229
593
356
1192
875
330
528
782
1016
600
1253
547
647
300
242
192
327
946
641
1089
1381
1179
1499
1369
275
780
259
862
491
434
205
1297
1296
924
184
948
1169
979
322
183
894
1225
930
252
1428
1071
1027
666
741
1517
557
425
1397
692
138
352
935
145
612
1365
334
791
883
1363
1244
399
1321
1372
664
684
687
1219
950
406
388
704
1540
470
1357
1471
1387
775
178
179
1318
440
1304
1195
968
505
689
257
232
233
1248
1393
134
385
384
177
218
1011
919
1461
1307
1286
349
614
1260
828
1446
302
1140
870
955
332
1165
454
1226
255
1267
1075
362
549
588
1111
1275
863
1456
496
383
441
423
619
1193
1035
1013
525
460
851
386
102
762
500
1320
751
371
869
1423
940
168
1082
1319
1479
420
555
201
436
1392
1356
307
759
856
1110
906
598
1475
1414
1024
369
959
1186
545
1382
1502
693
533
669
1203
263
449
1269
1151
452
1472
642
1371
1305
911
683
308
311
240
501
1155
244
902
903
1262
1263
838
478
447
196
1326
1240
1052
1255
921
1337
1227
256
1080
897
1478
486
355
743
1278
934
1034
872
293
685
534
1191
653
823
306
1398
1259
294
768
117
602
482
1409
471
206
942
1411
474
1439
878
1315
1316
1401
606
607
1055
226
286
752
331
1481
268
419
475
484
885
892
291
272
310
521
896
1251
829
163
450
834
346
633
1209
1543
1059
451
336
781
1175
1170
811
816
222
377
900
901
1021
1171
884
1521
957
1331
1399
765
254
584
630
1106
992
844
166
1425
1233
922
848
456
1412
624
796
1040
661
564
770
1379
426
807
1107
1422
698
1494
1495
1493
645
1430
576
1099
797
1384
1345
1133
354
401
247
972
644
893
1028
1097
304
309
236
706
403
290
969
5
1202
944
1415
632
638
843
1129
700
760
197
1096
214
649
813
433
203
204
822
966
1437
453
886
264
1044
411
162
1465
173
654
455
333
402
1300
1276
1223
858
786
345
552
243
745
895
473
1348
487
367
1325
1007
776
1470
703
688
671
1312
1341
1031
424
849
1295
1504
526
335
941
136
234
481
643
866
3
1352
1406
990
581
820
1127
1346
1467
1178
1416
1421
1431
810
368
1239
1264
750
646
211
414
1274
387
625
985
938
842
363
1354
238
874
1507
415
1036
379
1158
767
1049
1424
1455
188
854
826
1167
620
389
1373
949
637
212
1068
488
1378
605
1014
987
1404
695
707
771
1442
1441
1440
1048
627
509
1395
390
1427
799
1105
261
1194
1002
1095
194
663
1533
1350
421
438
1017
746
772
812
947
682
1109
1272
279
348
1010
1519
963
1009
839
825
837
1058
1218
324
859
1090
1231
357
899
962
149
278
1270
920
1293
260
855
864
657
186
1012
1172
285
579
1483
262
1026
1473
1074
976
139
597
596
792
697
1434
171
515
788
1135
1200
667
1509
1174
319
538
699
1033
1236
879
943
1243
1545
1492
120
827
1142
1001
86
915
1327
836
1098
448
998
672
1130
1488
1490
603
779
1182
1181
850
610
1085
574
1498
1500
339
469
908
230
551
381
891
468
536
480
1152
1180
514
1360
1359
1128
867
288
1288
1459
445
213
495
1208
758
1532
225
1364
889
890
1343
1344
1419
1385
618
1351
282
918
1444
1443
467
1512
347
568
995
1303
546
766
531
1112
1153
1405
1039
508
1188
125
1018
1503
877
337
676
931
228
847
512
181
1361
241
784
702
1420
444
1215
691
1462
245
1256
1330
928
301
1086
980
1091
1252
542
573
640
1525
794
1511
511
343
983
1157
1032
967
305
298
932
499
1230
755
954
292
694
312
351
609
507
408
490
284
1
10
103
11
118
121
130
131
135
137
140
141
142
35
50
56
6
7
72
73
78
93
94
95
616
193
190
172
175
489
530
231
1402
578
1314
1146
365
994
208
431
210
209
398
295
1538
577
559
565
560
562
287
929
831
443
174
1279
483
563
1149
1486
1114
1292
323
970
753
195
202
1334
435
611
1241
631
1061
909
1162
636
1101
1329
169
151
154
1062
267
793
1281
1396
492
1184
544
1166
1221
615
1482
1131
541
1448
1333
338
764
674
271
1220
846
1057
655
1375
439
1491
1438
370
1265
1454
589
1410
548
1487
1394
342
111
115
1212
1213
1536
927
1476
422
303
191
1362
359
1037
1029
572
1228
1407
265
1222
680
416
817
376
1043
1309
382
742
1463
1542
341
518
1161
313
1383
778
498
1458
1310
553
361
516
535
917
583
656
749
1003
1317
1449
592
594
595
266
1136
821
1210
761
485
585
960
326
604
1485
407
1335
690
543
904
529
462
1418
1368
503
502
936
1250
665
299
405
558
146
249
1005
1290
198
1390
223
880
1116
1489
1477
1205
1249
981
1436
832
965
840
1447
246
457
571
477
340
1008
1291
964
958
539
1464
504
537
1065
1328
622
273
590
833
432
270
476
1173
520
907
554
628
1283
830
1526
156
1523
1524
1527
1529
1528
155
157
1530
550
1207
1237
1150
1234
1301
1042
1148
404
523
754
1216
621
1497
85
167
1340
427
952
670
524
1534
996
686
1280
317
446
1271
673
417
494
566
1323
442
748
378
978
763
977
412
321
925
993
790
586
527
227
200
1104
973
497
1480
250
358
744
677
865
1144
318
845
626
1022
986
316
937
1224
251
221
756
1460
757
675
1197
1445
587
1457
170
1408
182
429
939
1311
1
650
328
999